1.0000 0.0000 0.0000 0.0000 0.0000 0.0000 0.0000
0.0000 1.0000 0.0000 0.0000 0.0000 0.0000 0.0000
0.0000 0.0000 1.0000 0.0000 0.0000 0.0000 0.0000
0.0000 0.0000 0.0000 1.0000 0.0000 0.0000 0.0000
0.0000 0.0000 0.0000 0.0000 1.0000 0.0000 0.0000
0.0000 0.0000 0.0000 0.0000 0.0000 1.0000 0.0000
0.0000 0.0000 0.0000 0.0000 0.0000 0.0000 1.0000

1.0000 0.0000 0.0000 0.0000 0.0000 0.0000 0.0000

Dot product of rows 1, 3: 0.0000
Dot product of rows 1, 1: 1.0000

1.0000 0.0000 0.0000 0.0000 0.0000 0.0000 0.0000
0.0000 1.0000 0.0000 0.0000 0.0000 0.0000 0.0000
0.0000 0.0000 1.0000 0.0000 0.0000 0.0000 0.0000
0.0000 0.0000 0.0000 1.0000 0.0000 0.0000 0.0000
0.0000 0.0000 0.0000 0.0000 1.0000 0.0000 0.0000
0.0000 0.0000 0.0000 0.0000 0.0000 1.0000 0.0000
0.0000 0.0000 0.0000 0.0000 0.0000 0.0000 1.0000

0.1429 -0.0238 -0.0238 -0.0238 -0.0238 -0.0238 -0.0238
-0.0238 0.1429 -0.0238 -0.0238 -0.0238 -0.0238 -0.0238
-0.0238 -0.0238 0.1429 -0.0238 -0.0238 -0.0238 -0.0238
-0.0238 -0.0238 -0.0238 0.1429 -0.0238 -0.0238 -0.0238
-0.0238 -0.0238 -0.0238 -0.0238 0.1429 -0.0238 -0.0238
-0.0238 -0.0238 -0.0238 -0.0238 -0.0238 0.1429 -0.0238
-0.0238 -0.0238 -0.0238 -0.0238 -0.0238 -0.0238 0.1429

1.0000 0.0000 0.0000 0.0000 0.0000 0.0000 0.0000
0.0000 1.0000 1.0000 1.0000 1.0000 1.0000 1.0000

0.1667 0.1667 0.0000 0.1667 0.1667 0.1667 0.1667
0.0000 0.0000 1.0000 0.0000 0.0000 0.0000 0.0000

1.0000 1.0000 1.0000 1.0000 1.0000 0.0000 1.0000
0.0000 0.0000 0.0000 0.0000 0.0000 1.0000 0.0000

0.0000 0.0000 0.0000 0.0000 0.0000 0.0000 0.0000
0.0000 0.0000 0.0000 0.0000 0.0000 1.0000 0.0000

3.0000 0.0000 1.0000 0.0000 0.0000
0.0000 3.0000 0.0000 1.0000 0.0000
1.0000 0.0000 3.0000 0.0000 1.0000
0.0000 1.0000 0.0000 3.0000 0.0000
0.0000 0.0000 1.0000 0.0000 3.0000

3.0000 0.0000 1.0000 0.0000 0.0000
0.0000 3.0000 0.0000 1.0000 0.0000
1.0000 0.0000 3.0000 0.0000 1.0000
0.0000 1.0000 0.0000 3.0000 0.0000
0.0000 0.0000 1.0000 0.0000 3.0000